9.711999999999999522e-01
9.512000000000000455e-01
9.727000000000000091e-01
9.655000000000000249e-01
9.694000000000000394e-01
9.677999999999999936e-01
9.704000000000000403e-01
9.674000000000000377e-01
9.694000000000000394e-01
9.664000000000000368e-01
9.680999999999999606e-01
9.657000000000000028e-01
9.665000000000000258e-01
9.646000000000000130e-01
9.649999999999999689e-01
9.637000000000000011e-01
9.647000000000000020e-01
9.633000000000000451e-01
9.639999999999999680e-01
9.624000000000000332e-01
9.633000000000000451e-01
9.613000000000000433e-01
9.619999999999999662e-01
9.600999999999999535e-01
9.606000000000000094e-01
9.600999999999999535e-01
9.598999999999999755e-01
9.594000000000000306e-01
9.597999999999999865e-01
9.598999999999999755e-01
9.596999999999999975e-01
9.589999999999999636e-01
9.582000000000000517e-01
9.573000000000000398e-01
9.569999999999999618e-01
9.565000000000000169e-01
9.559999999999999609e-01
9.550999999999999490e-01
9.555000000000000160e-01
9.546999999999999931e-01
9.549999999999999600e-01
9.536999999999999922e-01
9.536000000000000032e-01
9.525000000000000133e-01
9.527999999999999803e-01
9.524000000000000243e-01
9.524000000000000243e-01
9.514000000000000234e-01
9.515000000000000124e-01
9.509999999999999565e-01
