8.758000000000000229e-01
9.093999999999999861e-01
9.254999999999999893e-01
9.343000000000000194e-01
9.401000000000000467e-01
9.439999999999999503e-01
9.467999999999999750e-01
9.509999999999999565e-01
9.526000000000000023e-01
9.544000000000000261e-01
9.556999999999999940e-01
9.565000000000000169e-01
9.579999999999999627e-01
9.604000000000000314e-01
9.617999999999999883e-01
9.610999999999999543e-01
9.612000000000000544e-01
9.616000000000000103e-01
9.609999999999999654e-01
9.628999999999999782e-01
9.635000000000000231e-01
9.638999999999999790e-01
9.657000000000000028e-01
9.663000000000000478e-01
9.668999999999999817e-01
9.667999999999999927e-01
9.676000000000000156e-01
9.683000000000000496e-01
9.691999999999999504e-01
9.697000000000000064e-01
9.703000000000000513e-01
9.705000000000000293e-01
9.707000000000000073e-01
9.709999999999999742e-01
9.708999999999999853e-01
9.709999999999999742e-01
9.713000000000000522e-01
9.711999999999999522e-01
9.714000000000000412e-01
9.714000000000000412e-01
9.716000000000000192e-01
9.717999999999999972e-01
9.720999999999999641e-01
9.723000000000000531e-01
9.726000000000000201e-01
9.726000000000000201e-01
9.726000000000000201e-01
9.725000000000000311e-01
9.724000000000000421e-01
9.727000000000000091e-01
